                     0
                     8
                    45
                   195
                   259
                   817
                   914
                  1497
                  3335
                  2496
                  3287
                  4298
                  5485
                  6958
                  9182
                 10362
                 12698
                 15279
                 17734
                 23253
                 24960
                 28869
                 39136
                128642
                 46400
                 59714
                 68183
                121245
                109443
                209552
                207527
                182156
                133000
                234773
                187512
                201772
                207794
                275315
                256326
                317343
                302575
                336805
                363845
                393703
                422426
                444562
                486141
                530266
                563931
                636551
                672976
