                     1
                     7
                    41
                   165
                  1078
                   934
                  1186
                  1494
                  2588
                  2613
                  3121
                  3984
                  5291
                  6609
                  8192
                 10108
                 12300
                 14765
                 17414
                 20664
                 24207
                 28023
                 31914
                 52595
                130087
                 50704
                 64339
                101884
                158161
                131584
                469676
                200115
                154783
                169753
                221121
                220938
                209517
                257076
                334072
                295917
                402099
                326165
                343825
                382035
                410509
                442925
                479140
                516117
                563944
                579030
                665155
