                     1
                    12
                    38
                   206
                   329
                   759
                   776
                  1282
                  1830
                  2722
                  3242
                  4210
                  5298
                  6844
                  8274
                 10292
                 12538
                 15604
                 17646
                 20722
                 24086
                 27995
                 33095
                 74685
                 68292
                 50633
                 62551
                104844
                138182
                149994
                328415
                147552
                148350
                158519
                243050
                196785
                223851
                232311
                259707
                291836
                397959
                327168
                353564
                371814
                411700
                455888
                475423
                530636
                560499
                607462
                670113
