                     1
                    13
                    70
                   252
                   650
                  1336
                  1446
                  2199
                  3057
                  4312
                  5523
                  7108
                  9214
                 11599
                 14434
                 17559
                 21240
                 27334
                 30049
                 35008
                 42466
                 46983
                 63035
                133347
                 79924
                 83864
                110664
                187806
                222612
                200194
                289913
                311857
                194546
                200793
                241191
                240463
                244608
                267907
                299556
                310156
                305259
                340402
                365224
                403496
                428786
                444345
                484393
                517539
                542778
                639234
                675232
