                     0
                    14
                    61
                   286
                   486
                  1136
                  1347
                  3685
                  2869
                  4632
                  6269
                  8595
                 11589
                 15696
                 16390
                 20381
                 23726
                 30198
                 35087
                 44276
                 50740
                 58863
                 70668
                474354
                 96332
                114864
                138436
                288360
                262182
                338395
                348252
                612437
                429025
                291270
                269861
                266972
                334533
                371860
                365907
                430762
                413100
                427198
                463603
                516715
                527276
                583367
                607588
                725043
                704343
                906072
                878370
