  0.000000000000000000000000000000000E+0000
  0.000000000000000000000000000000000E+0000
  0.000000000000000000000000000000000E+0000
  4.814824860968089632639944856462318E-0035
  1.604941620322696544213314952154106E-0035
  1.375664245990882752182841387560662E-0035
  6.018531076210112040799931070577898E-0035
  2.139922160430262058951086602872141E-0035
  1.925929944387235853055977942584927E-0035
  1.236534566566804837473440383591459E-0034
  8.325634655423988323106571314299426E-0035
  6.666680576725047183655308262793979E-0035
  8.683880552817447373154186258976681E-0035
  2.600005424922768401625570222489652E-0034
  2.106485876673539214279975874702264E-0035
  2.832249918216523313317614621448422E-0035
  6.954747021398351691591031459334460E-0035
  2.334556527982553986352394315271532E-0034
  7.523163845262640050999913838222372E-0035
  1.487436965977641975797697250299966E-0034
  2.563347099276761355558879733241587E-0034
  4.718005013220361743287945965326935E-0034
  1.145025537248973815762186886177445E-0033
  1.543151367940272727261102326496173E-0034
  2.719913082518031403053815003049627E-0034
  1.783268467025218382459238835726785E-0034
  9.285733660438458577234179366034471E-0035
  3.997134776820922686407126635149321E-0034
  8.265449344661887202698572003593646E-0035
  4.558551924819788087676851017328033E-0034
  7.071774014546881647939919007929030E-0034
  3.319311078394667852804810469227810E-0034
  1.454183317384296188681512757199925E-0034
  1.559659338892163320287296423146901E-0034
  9.813549282598154910970998717858962E-0035
  3.439509178553049164938230878037017E-0034
  2.471557301164705220965340114641266E-0034
  1.762349356162037936049620841692297E-0034
  7.926405427368717557733509219951091E-0034
  5.196487807264340640105306338986770E-0034
  7.121928440181965914946585100183846E-0034
  2.538980319126777498142110456285653E-0034
  4.113118851400865206064861983915395E-0034
  3.727476913199462723935423976377911E-0034
  2.574230411400738139189970517687395E-0034
  2.058721789621914282551925357908103E-0033
  6.267422413424217715820511553392422E-0034
  8.381725727358735625799740739923178E-0034
  5.744086059134930931739454213759546E-0034
  1.682238441007355826305941517864469E-0033
  7.260431815589621698449609154949068E-0034
  3.842207527614512092461616373075532E-0034
  4.338915088830734476821135492177733E-0034
  6.322193325964349511949382138229783E-0034
  7.830001456380137727365696038338442E-0034
  4.829079276674903055894471008997898E-0034
  4.780581494499997615856083179681444E-0034
  2.590008542796182113828987286135133E-0034
  4.324314578256965501314750474210219E-0034
  5.094045237126689912565581002851424E-0034
  1.221276443061280961053289238692589E-0033
  1.612011006031260802800921220395737E-0033
  1.374764153173681686319596755012161E-0033
  7.600941785324432268142559101288302E-0034
  1.088920972936272733442457225705126E-0033
  9.687364740092373250148754723564134E-0034
  2.353776697657819406074020101337480E-0033
  1.046788281820254414516521344608773E-0033
  5.325110317215332703527767583660601E-0034
  8.431877269727040066174213290005401E-0034
  1.469357489689185409071960949425254E-0033
  5.031038528740158383694709503484107E-0034
  2.505010231719884471035646986132422E-0034
  3.976042246646940351220461129592779E-0034
  1.285847285752534759664193168101855E-0033
  5.717018301840235323950765692594077E-0034
  1.821165065301027139935515039878810E-0033
  3.317048646306180737423151883708376E-0033
  1.664029803024030196280543442091811E-0033
  2.475399540789381267151230908843243E-0034
  1.137777611105367125956955261869889E-0033
  8.461112031657553294948674180366048E-0034
  5.085658759397544674475941754638324E-0034
  4.166239629696505793890211108150630E-0034
  3.082572646271685001362034463154418E-0034
  1.783802678915124644000535892188349E-0033
  1.356272558404019083557877648612076E-0033
  3.280183966465356709876984904406957E-0033
  1.641504196610672974861174533407867E-0033
  7.285729487420944422137586887196277E-0034
  1.635584884072132268652931267867619E-0033
  8.852579701531954315495963128731474E-0034
  2.922028850963180726191562279079775E-0033
  1.744756320753637243490950543857715E-0033
  2.736566521972296282384658241807218E-0033
  1.735462049838823570197776000276613E-0033
  8.288837683963145886394537722124718E-0034
  3.791628983079975054552132332562026E-0033
  3.289789271567209342621650322488585E-0033
  1.677948587222400395058067911394730E-0033
  4.366252528868890375167677444880938E-0033
  3.601258188258975414704376231005379E-0033
  2.943119566757862192874635523619040E-0033
  2.957950395762416946071145170613379E-0033
  1.925646051411942923242732662817447E-0034
  8.999391397553615663250326837730008E-0034
  1.420610174328863228445204100314254E-0033
  1.143148197280247725767808926026990E-0033
  2.293525408346487105293381005291087E-0033
  2.163146822391012791601020270817164E-0033
  8.008676597705125428576943991996223E-0034
  5.853953545011092162870092247497493E-0034
  1.598553530320754232310360639351124E-0033
  6.047446192902338883430730739416979E-0034
  1.861399357955888207790935578196727E-0033
  3.040837106036884706425956626695506E-0033
  2.024585399761468134538327660154972E-0033
  9.552268608099192110469604884874350E-0034
  7.319787649312373348287882834129094E-0034
  4.739468872699839056261334149256322E-0034
  4.433733446511342784154867253837611E-0033
  2.773845557288666576852821890058722E-0033
  4.682053153234438330320523796433562E-0033
  5.527430977453519318494738295080882E-0033
  2.639173643037786591097442789774365E-0033
  3.240481389450167332581562887205087E-0033
  1.267711882644295962968883918567331E-0033
  1.466445422650373152018628166239296E-0033
  4.985160864523059284379276751780963E-0033
  1.383664888719236216280698656890035E-0033
  2.894634178696141263319843363297914E-0033
  8.549985205914280491464547942837912E-0033
  8.651773165285085538770217330322980E-0033
  2.697416464934020955767406143891227E-0033
  5.517300285019488647402061811106332E-0033
  3.004762622518840425624914491969721E-0033
  1.204365854970483842541269539894148E-0033
  5.502501572254086220380877268363772E-0033
  2.124073959006071086342063530411194E-0033
  3.285008167554115054325976561643085E-0033
  2.908423354562289055096632887403931E-0033
  2.945408081633868660302736896010387E-0033
  5.724553000117800404918149715246805E-0034
  6.924994493731378139634548275181919E-0034
  9.111942686639235809167587422975183E-0034
  1.485384728765430874668138770402601E-0033
  7.864959478340653508452099112872422E-0034
  2.402181559515123947130149669347670E-0033
  3.426761007976624475816855420436487E-0033
  1.575056557762983253326395868375119E-0033
  1.757623900598975277441338422802854E-0033
  1.061223392533410956684283924383443E-0033
  3.790546103435581189696306587388342E-0033
  3.352205321750783178750578381839555E-0033
  2.665953672091977762329047031295864E-0033
  2.488710518253933957151351114969555E-0033
  1.123817833599100525390570673370203E-0033
  4.962610080806412462421662660753537E-0033
  5.976382550767028099914204053299257E-0033
  1.333665366089503492072041868568151E-0033
  7.746216365418078238832985974990063E-0033
  1.778734397544833327591874106923217E-0033
  3.822340645271871042253306833005854E-0033
  8.555706684291838515211695952042880E-0034
  1.464293201952116709540976603142054E-0033
  3.089948091679100261905000539386292E-0033
  4.323127888721849668211467749705976E-0033
  4.275961557140253787566844519115089E-0033
  6.248297350825427494592822556742901E-0034
  4.472542903563742617454100823354891E-0034
  5.973610789761944998169832747834559E-0034
  2.389939556304700719369152975166432E-0033
  2.337888019776100418607283569312414E-0033
  8.063726811773988706961560790084998E-0033
  1.862201052473019545942138331554213E-0033
  1.015667497673467703540629328149547E-0032
  4.361435897387831662869768588390617E-0033
  5.159137794876162962750596220355442E-0033
  8.211629466419972193844835397763208E-0033
  4.440154675697556539006113788393235E-0033
  1.300125480574683266971859120827790E-0032
  3.360634288845273422126174625864286E-0033
  3.043328297884883767283052645172770E-0033
  8.613127956314394328226674327983855E-0034
  1.217814169807762240685732289098225E-0032
  5.339708358595750660540403016165632E-0033
  1.164727422821189816840427830747181E-0032
  4.081893560000782800581418859090951E-0033
  1.047836555223968760442285157164443E-0032
  2.368926129996054629964830984192797E-0033
  1.692868597764203649809376445138330E-0033
  1.962325685746415785779390479117302E-0033
  1.361606566179463194277823477869173E-0032
  6.256131880607212015251664759624443E-0033
  1.176800924788066795046981624299047E-0032
  9.757131069896868326286224293507144E-0033
  5.271085750294770613753162863291318E-0033
  5.046485380621358003014403509818394E-0033
  2.620630178604555929325386486277138E-0033
  1.328407334561731551731709661552423E-0033
  3.686286970423560226534083028978839E-0033
  3.200135246244249000964817043865288E-0033
  2.747440997162844424468180788831952E-0033
  2.430165413820936703303484362766271E-0033
  1.148454054830494479101933837202359E-0032
  5.535394947818812980326658826092830E-0033
  1.772889260483841630256968829954558E-0032
  1.016431269733916537883741181916699E-0032
  2.861926165425074182296382460842087E-0033
  6.227614417939991886880824884505480E-0033
  6.114873706037958934547382325669360E-0033
  6.797107894158689533589680369605386E-0033
  6.118089954760503613811294416324841E-0034
  1.973539324516837471908956932204859E-0033
  3.551232868339286746222138031914148E-0033
  3.142591949163703646409782902328819E-0033
  5.715879026104821429573925362498952E-0033
  1.161261143169284450195536563246946E-0032
  6.169938168215952336662691154714777E-0033
  7.604461672842985014664158155998132E-0033
  5.830831527083352082626605292347510E-0033
  1.263537296316342103812220954887272E-0033
  6.488006727152093353089673461593932E-0033
  7.990970891302949370793424036047124E-0034
  1.335852585484196591091211470572585E-0032
  6.743200662147309551051710436233416E-0033
  3.181410705197686368689753476014343E-0033
  4.853018879686440485580086777109992E-0033
  3.455071872871308629300370429529315E-0033
  9.218998963315827946374855022112820E-0033
  6.808943205932128414571968569818858E-0033
  9.361127662696942270772869612305785E-0033
  7.267832808398080928106618471895901E-0033
  1.245817685101485534127164157350528E-0032
  7.455815589941087594916237914637574E-0033
  4.811288656527742552042133082615997E-0033
  8.484962410960921038797306604386137E-0033
  1.370795999022035570999809405061404E-0033
  9.261434736833003733517074763374374E-0033
  9.218909949142831691574301885951349E-0033
  1.218151933323082918816592164373204E-0032
  4.890709745334852007244907361848602E-0033
  8.629195344334959518923987646403097E-0033
  5.184298184785859689316052053505759E-0033
  1.234516629385057985282672731166774E-0032
  3.117087400502747298863688996776023E-0033
  2.323671729698369341074870564721430E-0033
  1.025110535446805954913935568784684E-0032
  4.702067681255293183555558147855041E-0033
  1.440009690804651644828035061548707E-0032
  8.430123042163747212703792339830292E-0034
  1.084682031895343852488293031828902E-0032
  7.568761919041308690206663315993803E-0033
  1.412266018594691643644412060802488E-0033
  1.256939652413360520245858416940226E-0032
  8.637382465660429421666099520807034E-0033
  2.159947578445560258940069913575418E-0032
  3.422364207666306797022776441191416E-0033
  1.047340003566566511433817793418184E-0032
  2.492371145071622674728862106551492E-0032
  2.426992756537802809643548158178807E-0033
  2.814734542333569910898720424823081E-0033
  8.959760426131211420587160642651862E-0033
  3.814956640916143759688201968195118E-0033
  8.598332846648431694604329156036218E-0033
  4.803066747587460045773719148429771E-0033
  1.638699057713468919453601138917828E-0032
  1.169313190758121253727577630319068E-0032
  4.987867381658559397975971948703816E-0033
  1.011837776435628545752289149566229E-0032
  1.887445780569297577123032997309437E-0032
  1.006375005449619488310912503427255E-0032
  1.074494640643530591492813442133443E-0032
  3.447890611547361522195245602684420E-0033
  1.322104323173244826703192774784736E-0032
  3.033036834695547448936563638490769E-0033
  1.299034172770657762368809259028027E-0032
  4.580111586656633047722646648544344E-0033
  7.667612621358028416393425219584370E-0033
  6.511829748652496328571074353279288E-0033
  1.076817385837277540238807419129224E-0032
  1.066104491396118526561452684042438E-0032
  3.373299251171086930163543408313609E-0032
  9.489016712455402980593197990242134E-0033
  2.366746836375844376598144432430245E-0032
  2.269772084902226085892824806001143E-0032
  1.327488382593277776721334102010720E-0032
  1.247323384616733009928333603847397E-0032
  1.528522705552880993727451114725919E-0033
  8.905625345499479418735952472431811E-0033
  6.804504601453015942580140733313018E-0033
  1.603822859956333056165230249381224E-0032
  1.292291853354880059180920964862375E-0032
  1.519547377620135386790581190049819E-0032
  1.912590434494104534415548720360529E-0032
  1.366056850938330105979761425442786E-0032
  2.265430132310931382074245665073465E-0032
  1.215835995985645952738535690579457E-0032
  9.293159918768476286612141400030158E-0033
  2.102170679869935909280623266316321E-0033
  7.936697464264976695935729797442023E-0033
  1.407206555810197735295301045169884E-0033
  6.657715409688289996580362894823051E-0033
  1.000982355706491375242104208015662E-0032
  2.618341292882888914534183737981633E-0033
  5.054452332691519563814880385656942E-0033
  5.444483142495772026012326768447837E-0033
  2.353908979597390638464713154267551E-0032
  1.056843500284841838079235041275674E-0032
  4.364620351887115375440075414522908E-0033
  4.362360809260964400688052442318037E-0033
  1.191734770461159906146562804897038E-0032
  1.713957615310803075376968427600173E-0033
  3.716999414853695358251698064629251E-0033
  1.556920543338142582282292374495873E-0032
  5.123293564526306487071764036545746E-0033
  3.388743148981800604791331660881329E-0032
  1.008339909040340640544678906164906E-0032
  2.082562215645604018917796148696717E-0033
  1.525758445919507815274035936909909E-0032
  1.035602988228658595137175996521951E-0032
  6.397931449300676116090171926595148E-0033
  3.682402945124080511382951653097796E-0033
  3.010179891864711018190779370970825E-0033
  6.541675966748776547671510508518102E-0033
  9.535296133544745392970537123818748E-0033
  8.625111241731186953921291309231349E-0033
  1.037501461160238295860023375994803E-0032
  6.284551289651908881282083629944992E-0033
  1.099055369579750680149042186081453E-0032
  4.009189185695129868383318541130029E-0033
  1.087305361691004325892220174866434E-0032
  1.172264570990634184744446484392118E-0032
  7.479176916833637265722619715133041E-0033
  1.099679219364281511030972345998879E-0032
  2.528071030683629514277389147234744E-0033
  4.470053619877730150409231793246375E-0033
  7.677611735939034170666393042802904E-0033
  1.735593456563041338433912416600617E-0032
  1.692916821759233278120358294537151E-0032
  1.724926844681492348030209718330443E-0032
  2.267310502268302426845432924927867E-0033
  4.130772440472647734095741644310509E-0033
  9.941686571338456795163319472542153E-0033
  9.241156585021551610415060925289751E-0033
  2.097471088411694240985434767572775E-0033
  8.579571700803278768782046566912343E-0033
  4.676754325881293828082181108252582E-0033
  1.686446144438682412689647828217629E-0032
  1.436464759878661597311657508477420E-0032
  2.614447869106339432026885383786838E-0032
  2.012997565528033035696072172040138E-0032
  3.253058550442103765058300596267909E-0033
  4.625643780273273892540575192141724E-0033
  4.449823562952447548109402548008755E-0033
  2.206859001472357751240522484246088E-0033
  9.885426785463034637851804381309898E-0033
  9.102947572598423260695421232638270E-0033
  1.253107279608713013572656342776318E-0033
  1.249060473334433603235312093571365E-0032
  1.059894184118142760828170996534430E-0032
  9.153631373987589296642468580676331E-0033
  1.218770110760208329042324915217196E-0032
  1.751057195572314047287492904282969E-0032
  6.595716017353801675685375006604949E-0033
  1.619695460249010682346756150119520E-0032
  2.269217430359173979759228385959798E-0032
  1.474834210252691307943776266104909E-0032
  2.911389278142565360669430318414674E-0032
  1.558595247186556428005150276304150E-0032
  2.900995278472079573728361479594659E-0032
  1.272584713266715084837104755018174E-0032
  3.322024077449258711186481886462795E-0032
  6.340241624003796563087490052737189E-0033
  2.861650859169617161039703582282873E-0032
  4.593434811712383595632499049837532E-0032
  3.106501435677582883450667067162016E-0032
  3.324958534090999295088877223129859E-0032
  3.255124215381204484962443601081731E-0032
  1.596810087243647704844805045283454E-0032
  1.598074107427735480231332155588652E-0032
  3.042592761085060624826414683622883E-0032
  1.093675339985515576788039596680140E-0032
  1.039462456240779687615919991281025E-0032
  3.303494234736173714236007748429050E-0032
  1.188132488494334400862679855011665E-0032
  8.256762481804305371632810462189641E-0033
  1.752168260662575725961329058617991E-0032
  1.619911848317402436840952742240572E-0032
  1.679091475275083857342749593121928E-0032
  9.452843856525805291469068778674617E-0033
  7.501900857371735528260351104645259E-0033
  4.174205214655956210531669160397527E-0032
  3.016623573265411250098453628233558E-0032
  1.124807889319812886834221322272886E-0032
  3.044145825047029451373952276867676E-0032
  1.979497044744003853243232668284155E-0032
  1.287372847624013958176790669426794E-0032
  4.561986088337858628456937839690572E-0032
  2.138105771837192281250438492613758E-0032
  3.118024848664598547236752971275320E-0032
  1.917055131216374598977949123631428E-0032
  2.657826153147563952643282481068754E-0032
  2.254431029897646821509076501294096E-0032
  4.528332497612571745888931425797933E-0032
  9.379344633743944587180110270052636E-0033
  1.067212697593212389106258279808350E-0032
  3.527743044455616780247269499436708E-0033
  2.524430289818475375208852258773156E-0032
  5.049735835081764601386676314477207E-0032
  1.931511237215206125494784686915563E-0032
  2.952524033010669496638072250517032E-0032
  8.777674131326867835784496692708025E-0033
  3.091239381611489845217839102477707E-0032
  3.433707070405571111394584159794430E-0032
  2.402534551767826863553092088413391E-0032
  6.903274942212591307218707779831370E-0033
  3.119830909567449364481236106707540E-0032
  3.879304927850835907206578642274107E-0032
  1.483925662637769240512814881284723E-0032
  3.141633020989093017872646945842361E-0032
  1.187237867302683949842199866082314E-0032
  2.719694703306267610889780172459258E-0032
  9.830141153334329179975502004958693E-0033
  2.705054222615632927633476061633506E-0033
  5.876617249552900682601355998005482E-0033
  1.515571062578856253838620002182763E-0032
  8.385300008591655790187036481776060E-0033
  1.700769261141019662488671881784884E-0032
  3.048592833468325141436868913185021E-0033
  1.102102404565525795641579137029535E-0032
  2.368064372376963289937756481650507E-0033
  2.650065146521428817118844695245383E-0032
  1.899696931478247967289177484407385E-0032
  1.398094761125099274024545134598855E-0032
  1.083396020045272963377349170959335E-0032
  9.233823093784439388021218218876192E-0033
  5.466575052894474335363432038980382E-0033
  3.760604766236418298502423634847881E-0033
  2.413486404377708677975660680662223E-0033
  1.236423212291583873694898588281017E-0032
  1.244464950795294427363605544151025E-0032
  1.504836945008238403922087607648417E-0032
  1.087637744548209404033826251297239E-0032
  4.836526911470822325742221121364585E-0032
  2.564198026177827618984619737732359E-0033
  1.994887717597877100360053369338738E-0032
  3.588981777999822024518755822380631E-0032
  2.291741362232559363129610097440698E-0032
  3.380564367042770152277551504583188E-0032
  3.857777972298013322505172222258101E-0032
  7.381984119327589933839758722242839E-0033
  1.499580483975915397148992979692634E-0032
  1.187590688892037988236232739343863E-0032
  2.290130183205487180557366194694483E-0032
  8.730276884919929643751922879840841E-0033
  2.558782347189383362793278434786656E-0032
  5.407175671771473351818920098492419E-0033
  1.075893630977974329483972927935814E-0032
  5.341199909802280367088962472211730E-0033
  1.856777983071942857256457316824066E-0032
  5.117481092513645360022120547848835E-0033
  3.502951195866342784787203189363562E-0032
  5.278136560445777356561833915807508E-0032
  4.226564544435010958024630166689504E-0032
  1.823429575620486760624077713938189E-0032
  1.372681217371865646608895229722444E-0032
  1.526395806297653714513826814770620E-0032
  7.949860091161192762981871291753533E-0033
  1.353820647352412075297364877040904E-0032
  1.595528367820688011367016154595582E-0032
  7.367622830392059347577628621726735E-0033
  6.784840704205101376281703201310407E-0033
  8.339103230472298347082787756536886E-0033
  2.014936638085232700784568971522635E-0032
  7.846588917365110340739598813324065E-0033
  4.325627669385857262945409308543949E-0032
  5.848302610283834669065567780097978E-0033
  7.452359118535210385244924961639327E-0033
  1.592549697361455944805955347022376E-0032
  4.356387136820114745938810999003728E-0033
  1.208227512105756596236184971857588E-0032
  1.482785205915073196074191065382320E-0032
  2.223473090985517358089945421461465E-0032
  2.682048854803972165183392935120725E-0032
  9.696667672059183189988827959750838E-0033
  7.298498740037677948558864771937163E-0033
  1.552608861826976822800061788732922E-0032
  4.935466623458633380034108087013433E-0032
  8.127901343095200525934490924465591E-0033
  3.394003118893555372069096952112223E-0032
  1.379986075810475321753373718532759E-0032
  1.651800854506325945347440343281907E-0032
  5.733305669310885538754050165508720E-0032
  1.301310772239641156615200902715407E-0032
  2.997543328684992864553900478394946E-0032
  7.953407240736232503169567946847554E-0033
  1.495652312587459585004033652059553E-0032
  4.292048556072657017026417453748606E-0032
  1.344009316719444560707116124209209E-0032
  4.409885471626892993453405689397479E-0032
  6.024346945516733069793631500987426E-0033
  1.173134928415141795270995859879312E-0032
  1.657304280763292259011584444860882E-0032
  7.360441230909538811533172520044276E-0033
  6.773890113096279604760785437304528E-0033
  2.005048155909844000130907036454756E-0032
  1.450435837590125536634936551419431E-0032
  1.787985802172566380189867130283661E-0032
  3.321984688049096159362957540842985E-0032
  5.649988691440766859835157078553341E-0032
  6.348443735054798237147147165427201E-0032
  4.483849854023250772288855300770790E-0032
  2.198492928813864705357288636491925E-0032
  4.848992198937618441542109629877102E-0032
  2.933031623602619025131527815542331E-0032
  4.334963231807653109117826274067303E-0032
  1.589240168566686398953116779379553E-0032
  5.053367061523089675558188523509232E-0032
  4.015472782470086906375414707110872E-0032
  1.544176146800842459101765830085190E-0032
  1.991760361113839593849473249823540E-0032
  5.154623487509604009370938102199204E-0033
  6.683152590811790162422386811138568E-0032
  1.690402318245266258701529399556666E-0032
  1.041571256409433818109821363245440E-0032
  4.268363968083181204649852355535291E-0032
  5.251893801777343260832347242075223E-0032
  2.972882772530305749172570183107916E-0032
  5.855916720841620275404904642017656E-0032
  2.320566448253517953885750335460428E-0032
  1.852133423540551439276157821537603E-0032
  3.093963824396304576307472898584269E-0032
  5.463752408602269829586721559896935E-0032
  1.151262710274436873279469002243946E-0032
  2.362514027544932239861786345612229E-0032
  5.133997953736420852121851247484472E-0032
  2.264279039109866762200498701099229E-0032
  2.729300608535186928719846686133852E-0032
  4.943799423221202965234787593751852E-0032
  1.440402126779406673974523046627264E-0032
  1.504819635852459833142317687235438E-0032
  4.682861445009351473462269851277349E-0033
  5.702481789733148078451178204009082E-0032
  2.624409617707303477155842662771953E-0032
  6.574579084428769191019500465489407E-0032
  3.532796263674347385159956099581361E-0032
  5.742767792537637186797912880952192E-0032
  8.827230776010430909858432312011166E-0033
  2.811660252821494815640062485368395E-0032
  5.650951948369981306992875905411915E-0033
  2.889978122933963046414818162773565E-0032
  1.575563846569854364721261395713654E-0032
  7.742809662455172082375030232558456E-0032
  7.438634942915161781931204617471533E-0032
  3.240614678368918499933463787832946E-0032
  1.586385696251238794878921239941411E-0032
  5.470039709181406875550016256668694E-0032
  1.997885480084120538281268212237913E-0032
  1.016335416269809632358952161295761E-0032
  5.577302737386347263071454967322734E-0032
  2.491610029954727143564642152204531E-0032
  7.165466983526477527043508169805211E-0032
  7.914615031783082272425262939055694E-0033
  1.539704735429856068465299265263275E-0032
  5.301348828797800899026299227049918E-0032
  5.062953506542366011258641398481329E-0033
  1.799598107982375720839989732152860E-0032
  4.729209903559361947770784736121649E-0032
  2.434974186826660851683347388401967E-0032
  8.548919747080920254615104205763430E-0032
  5.351280798978805200439957979520750E-0032
  8.066722590664712621419918109433285E-0032
  1.655856703241352909891224535697217E-0032
  3.244733448190430007921909027742945E-0032
  1.373635222252464934692532929120163E-0032
  1.324884958626506213273850678347952E-0032
  1.846179307727954000490819240241426E-0032
  4.731868684327618346412063435858530E-0033
  9.444239665645585315090111070480098E-0033
  2.052372935436815764153004011632589E-0032
  5.316580402515089707440342266013183E-0032
  1.273306011951872209125299958950580E-0032
  3.521117043328273995380260510729751E-0032
  6.758328197160699738609592973208188E-0032
  3.047373727258158620099870196796721E-0032
  1.017918197583010093615145557056663E-0032
  2.895557067735438737859350691566488E-0032
  3.381487649297722094061583416347268E-0032
  1.088208942683320566600374529276002E-0032
  3.352287593032388201221613435251062E-0032
  2.318808209713752326436351908433328E-0032
  2.361479019041771839486701952616804E-0032
  2.463912497309591546432401045849421E-0032
  3.588643824876251569092701349412251E-0032
  1.275226993270304225874309976237317E-0032
  5.671466015302100637330102353159390E-0033
  3.438719254835471569981037294609964E-0032
  8.324910550903881794001662572592496E-0033
  3.278645281566134110924607138139161E-0032
  9.926365865868069149092672585438906E-0032
  1.706159926034822657242430948801776E-0032
  6.860194684465062079528790677807213E-0033
  9.582094000197947566967424389805288E-0033
  1.771082283047458640434970569994638E-0032
  5.761674522140615717773679069981885E-0033
  9.711364830414827856284498522118344E-0033
  4.927712466894150914160552348469109E-0032
  8.501399915082979834047819806748169E-0033
  5.297725020186394385132862423253473E-0032
  1.262588893872141716787586287289248E-0032
  1.168958893708291976027531848613550E-0032
  6.879574944729697466343832039777865E-0033
  1.524501811751468850508334564477261E-0032
  6.320846423164552774517524142292041E-0032
  1.917210786484157655134633694794344E-0032
  1.453470020340901502941821007326196E-0032
  7.042741073969672869226463472103345E-0032
  1.068622348039476273482955422503156E-0032
  3.296981700896276181215786591966517E-0032
  1.864559765557302672557952781301372E-0032
  3.820393863531267502163172569783544E-0032
  5.320557946226766338768655911324847E-0032
  7.346131732828802329325244061747203E-0032
  3.853464840409655751514848714232650E-0032
  4.735330096336481069434379100238435E-0032
  1.151676984432567305289952547260467E-0031
  1.225150132625873835628408094912392E-0032
  3.476860741404706674741880910143082E-0032
  2.466223988875051206865410189694110E-0032
  1.919655661451507595728001218557365E-0032
  2.941338974940724535699361494917252E-0032
  1.032459969790092729131875152110675E-0031
  6.639060201126945378329679463741788E-0032
  3.977513995146354781527293534120690E-0032
  2.087362956718682821739979551328294E-0032
  1.956458571829836527616224610969766E-0032
  2.137732790244557770150016268009300E-0032
  4.418129518739665133366664270854149E-0032
  5.846913360899981933284263679618112E-0032
  5.088343427367871264562677082146637E-0033
  4.829092547050679875890632018095320E-0033
  3.100348301709713533977358152844667E-0032
  1.802162468589148591058502259301888E-0032
  2.972443406841535795494928460877805E-0032
  1.188344280944588254475939608755435E-0032
  4.591463345433420480046136048850794E-0032
  1.958810372466370890089661876487491E-0032
  2.944838580761259147423827269316021E-0032
  9.714299760594472411783076147433053E-0033
  2.982733606556703636959674761701583E-0032
  3.168006599425042675748667392593615E-0033
  2.275408081566328347319603584554520E-0032
  7.226572701261344885774650761758173E-0032
  2.947144274158932359950793518096843E-0032
  7.473938536087836774272910048872935E-0032
  3.806636527360680002153104761769508E-0032
  2.435354705352632710069940825966239E-0032
  8.020743679235356781829396707689675E-0032
  2.223143059971124448183055068144084E-0032
  2.689858650508946228503572025739101E-0033
  4.118059467213046916907486716512597E-0032
  4.421334528517636981804682612300844E-0032
  2.060220851326266807240929359456558E-0032
  2.226881518930349948711159127959395E-0032
  5.769648348713750319525335989963619E-0032
  2.397747051364954302136186854047199E-0032
  6.472589690261696068513892159543694E-0032
  3.711371120053241097540172326258267E-0032
  1.145411281588908631158542552400402E-0032
  2.801461142983398825189463160780284E-0032
  1.909827271710874456567322298626272E-0032
  2.319702274196386711885618165701397E-0032
  6.920782862311819585009675570543601E-0032
  2.312468628172200865000899732325657E-0032
  8.344696670915916472770013291947321E-0033
  2.744990107555218878311083694743061E-0032
  8.285098301151166745735062438841538E-0033
  1.137526436464539773126055979416573E-0032
  1.802754762502685849494388501604927E-0032
  2.316696311748614789574797924668599E-0032
  1.132062426498631419929946189107792E-0032
  3.927925042086898714837839381696004E-0032
  2.116503491012751163997520832964583E-0032
  2.402771263494053015178888727741502E-0032
  3.035641783398790702194491979930271E-0033
  3.101703379438070912958873847977138E-0032
  4.000270319196940449367965241323359E-0032
  5.618114414870090636337949739829077E-0032
  6.805922932900438693617874541831663E-0032
  2.906066701132026563216560293800861E-0032
  3.437188552731578023263648177634604E-0032
  2.125488369559062477792080051881965E-0032
  2.196477935528830463985000689359131E-0032
  2.198685870660290573542360688001082E-0032
  9.298134005518106486906272275869885E-0033
  1.672971940118774841660073823203080E-0032
  1.592200862519184925906916088773283E-0032
  1.769858068230012840349672969340723E-0032
  8.502462453995912007521653621021373E-0033
  8.849192498301269360197962045270266E-0032
  7.455370052840544631369070236988364E-0032
  8.761493979450325932641776466874439E-0033
  3.064552442189425902766531345357928E-0032
  2.289851406958924106428119366001429E-0032
  8.193109566408715130540095840106426E-0033
  3.881698796764809170490506560378031E-0032
  8.387636224883955730293784875477934E-0032
  3.768657511207816617782288894413456E-0032
  1.728447343145945874730172774649928E-0032
  1.254445887375396968511256426540306E-0032
  1.670594053643125278508493044331692E-0032
  6.538950413279872584565975705523739E-0033
  1.828524017243616028561252568651342E-0032
  2.004494181561526450076557765564712E-0032
  5.382660467088163326533404099282525E-0032
  1.508314666210475176496251729654477E-0032
  1.475072385361058132192637306473713E-0032
  2.857252829034936019745852467242161E-0032
  3.002105437347166353387210478596359E-0032
  5.814318336394595334922487633775508E-0033
  2.693697533927979729301377738658222E-0032
  5.414307470577898968048343373956394E-0032
  1.122160551402510555513446042529793E-0031
  6.808575065265693062586809298481784E-0032
  6.314817121108718946840931549330943E-0032
  6.191260825459047385924995785321956E-0032
  2.988912670945445844572280470033673E-0032
  1.426832933730058845587696978538476E-0031
  5.501932370376494359988169206675223E-0032
  2.832878795225131405846853702963433E-0032
  3.542318286008637616869764839584894E-0032
  7.180862324569420514342921999018590E-0032
  1.112586437771377043279913218922552E-0031
  5.752624339014803670681031303471781E-0032
  8.394836831925753817260454448692390E-0032
  1.394178413992083582393618949668679E-0031
  7.302905484703401202410424693017258E-0032
  3.960223667882105132572775721796857E-0032
  6.099572810443748496670234825278879E-0032
  1.092929959598541368189621283360131E-0031
  7.531783209008034247670727181632479E-0032
  2.604188491088652624868712388963281E-0032
  4.103154944158515486017108701752458E-0032
  4.051941582698617200808534434814101E-0032
  3.640315646798324183965972287207770E-0032
  1.133668189932661368563750995529682E-0031
  9.669583258194928185417089856372317E-0033
  2.370919493616062700176851602846494E-0032
  8.904708913513122679215279030886546E-0032
  5.814570826304274011875518748927257E-0032
  4.289189520723259989401469903717187E-0032
  6.429872082543260070576761777316891E-0032
  6.141015930975080127721123114795296E-0032
  2.006896626971572472143215027850604E-0032
  2.220109551937860900251293404297178E-0032
  1.117347388205212579361283525401093E-0031
  6.130827281244447844823906905676777E-0032
  1.807059303149181833091200396099561E-0032
  2.101572267036324361269268102462059E-0032
  1.982287302532545839661911880465063E-0032
  3.652449433825105481155161835439045E-0032
  5.650418361166931609694790217805740E-0032
  1.668260193606084361573404483511001E-0031
  1.443760466244707157294245362652675E-0031
  2.689340837702542620183200431416268E-0032
  6.674378018910649524197513656907850E-0032
  3.526638382810104601367080549419619E-0032
  3.801165806404725260484921475502581E-0032
  1.568199600476854510516768096690897E-0032
  6.397958677610894806852401135666678E-0032
  6.565156083294875327201519700194461E-0033
  2.505535992194238174356474918776369E-0032
  4.920828739179698495642163490801340E-0032
  6.483153434714578472251691741588932E-0032
  1.215591821679578384047251756884516E-0032
  5.393351059808981541967202109214742E-0032
  1.038546669544166223758461305280401E-0032
  1.110554607879240236416147712378592E-0031
  9.318861586294282540036293230725788E-0032
  1.524304856415442065313647762930955E-0032
  1.005044602558346240644257885273305E-0031
  5.401349714171823239826231021725593E-0032
  2.407376108457326924083293078328679E-0032
  5.831111477275553939087419257145542E-0032
  1.662884735903855267074077034303950E-0031
  5.750282000353469207496939050793193E-0032
  3.158301034840233247628789252993656E-0032
  6.627385654355685757616248265170312E-0032
  3.498668294113435244927007183702013E-0032
  6.530263045257523693292220676952611E-0032
  1.796200644600530363815124002758054E-0032
  3.541400401482521761580382945228417E-0032
  9.357289756818037079232792813358542E-0032
  9.439569166508631283945846484740766E-0032
  9.091235811432249998377256563120610E-0032
  2.289714111235116428627102012429624E-0032
  1.993352425779786087321098479540791E-0031
  1.204247161285349913359128315107698E-0031
  8.243395180457285234983772309235682E-0032
  1.681729781363166883170607316683087E-0032
  3.003733506518976513267320396280431E-0032
  3.242270063319567878644440543958453E-0032
  2.760512873205058778680366527076706E-0032
  5.790291399344846760026379857032612E-0032
  1.513329387977124522390288275230387E-0032
  4.275967356860931557193932871983811E-0032
  5.843096544685974168573074121214998E-0032
  2.775997025840581121861589280955732E-0032
  9.166744232559779429557119407243606E-0032
  1.546707707391127962762304530224027E-0032
  1.576070576842054775431618806795501E-0032
  1.307118479424215419274782474466354E-0032
  5.688289060613588869941326196353303E-0032
  2.207677916032625560307628569930196E-0032
  3.008552241802285326085460540398259E-0032
  5.022992161127224702214691350712253E-0032
  1.387430621217549374949395015927722E-0031
  3.145319135060188892232279852085511E-0032
  2.174415182713665393348291858897381E-0031
  4.975572151837403510257396218000090E-0032
  9.580582788069573830283835961394350E-0033
  2.420305503600326948137715038456887E-0032
  1.378124704868428112099226592281793E-0032
  7.474187297224390392394049426383860E-0032
  1.443596804056847071809916949147871E-0032
  1.580767346170652705410064326241019E-0032
  2.140121542926300526734290525665708E-0032
  1.869939024070189294917376475407627E-0032
  9.867899018808726489217737607031357E-0032
  2.026691443869893141126304934610761E-0032
  3.688186392243101197473713374946364E-0032
  2.678660599056897564084437157393999E-0032
  8.174631430087665599173132260285800E-0032
  3.432014792049897331675373803646789E-0032
  4.636312676585174346798021429014677E-0032
  1.055163252840840361153721838389056E-0032
  3.938356658071378822330026333747408E-0032
  5.873599339864300118424574248318608E-0033
  7.445056430466297336141525490802185E-0032
  1.374009687951976341952344429329909E-0031
  2.140030151594948752106662492303582E-0032
  2.921929427634393520553170223333814E-0032
  4.924232474397129485752038884496814E-0032
  2.173283457095820391551003410506037E-0032
  1.805862536565238633933888423367764E-0032
  2.657833315033003466576550721751254E-0032
  1.491922122330381473299211222993999E-0032
  2.610917331541272139687777891634709E-0032
  1.286851165634389772413171815921766E-0032
  2.385194991228198940132739548881668E-0032
  1.070886940417980489271086395886377E-0032
  3.266865583487245222271308012430951E-0032
  4.983951589542136929234182928248709E-0032
  1.254806976083113519971587810524358E-0032
  1.934537690371450884213513491609512E-0032
  1.059035309780041654757902739310254E-0031
  1.129848342415540692820883139743692E-0031
  1.570841684652502326754862916339466E-0032
  1.595089814455852347963950657320001E-0032
  3.304289419308082208249135503288104E-0032
  2.027669097591709206183216337055722E-0032
  8.721584254240464906332400633708909E-0032
  6.586742378061453549602153666976980E-0033
  1.364139562861395479817895437606396E-0031
  4.736982806142464862672341843709250E-0032
  3.665782469926493024610204931611937E-0032
  2.804077931963228060062382928427889E-0032
  3.673146764119380193238151589993068E-0032
  4.850805471731399951313021146447842E-0032
  2.065551043755503364043072871619697E-0032
  4.136836236489159948830766753676707E-0032
  5.085143026718152327704024523702835E-0032
  1.205985776876644675310525193722354E-0031
  3.100327875665898854062715585400848E-0032
  1.346850459530807131384758358911443E-0031
  1.788281130372183533720343872702817E-0032
  9.088313427857288106756673338828301E-0032
  9.394998715119385055226678494100869E-0032
  4.443138041068926328822644482240155E-0032
  1.900335428758689676511269593425202E-0032
  2.201993485389681889153700921863146E-0032
  7.102074471798058566190802475947242E-0032
  1.157707700075187676676408506467073E-0032
  1.366731103926901917292950685614038E-0031
  1.005508355598398869546652051974442E-0031
  6.313358000424239989558262606690251E-0032
  4.391555711218261062339760418392336E-0032
  6.199985139011650408209792756454011E-0032
  1.086879896789698283293065110192406E-0031
  1.199094735089921226881191121190328E-0032
  1.494196188399125055866007567744329E-0031
  2.228739098421055696168691996924021E-0032
  1.041977305187638960949315956039709E-0031
  6.437091028985047985601656187581676E-0033
  2.015240739463803281166214163310219E-0032
  2.052911106311841395733716260001783E-0032
  2.675451963094578722710107378432905E-0032
  9.039980127390442731341155932997387E-0032
  5.323502603264799600886743550622763E-0032
  9.111053350094440589209087647904127E-0032
  1.993242224025982265953930322275577E-0032
  3.446174755588576025121308819590512E-0032
  4.354941066537721203604357960465768E-0032
  4.777292535574518282104275093158230E-0032
  6.141483192194790001909725255036959E-0032
  4.592424457539596081337787714707396E-0032
  9.333537144665086043938973998101304E-0032
  5.929381811992107717429210006427523E-0032
  4.002053083271865764384568923534654E-0032
  7.009460295969599548113763041226810E-0032
  4.746969754706151448654431345536333E-0032
  1.371558495196465069476858870500745E-0032
  9.217664085712289337707127229154594E-0032
  1.181767905654566670485763104018359E-0031
  3.498303266095802625811578702126846E-0032
  1.136518441095245112834146474348807E-0032
  2.198113878252535822295686103862816E-0032
  3.337998686769893026499768770352675E-0032
  2.663759664166360212997611473862778E-0032
  6.466222154028844896424873557115420E-0033
  7.148380647717684192613952198819313E-0032
  1.398022246246949222436874951302705E-0031
  5.736229558132697384334410806441692E-0032
  4.491553109083845881867259555070256E-0032
  4.121948470526861691091767557254039E-0032
  1.770613618787469258364718530669031E-0032
  1.168762680095558041865685618893971E-0031
  4.799397258524944092987188304657938E-0032
  8.995880197756730886184178048200388E-0032
  1.878282547181727632328896538176825E-0032
  3.246687578198096836443545332203618E-0032
  1.189618728476700623423801193444811E-0032
  1.819108520832940276002204361183404E-0032
  5.412767470621444833400052428712495E-0032
  7.631852587089710014414415168131428E-0032
  2.126344883759863492590080847153133E-0032
  2.810157796240009073201002655898568E-0032
  4.302372890742381852057708776037313E-0032
  4.050876673774332463207753382690699E-0032
  2.587434573530955670426763665294184E-0032
  1.069334570950757811327546899397304E-0032
  4.131215045371202834015888321346264E-0032
  2.300421895176491167179863283208914E-0032
  6.447263797570140471765317394503811E-0032
  7.350516013362383069239451406875709E-0032
  6.592063043075787852543629913386286E-0032
  1.229919224971097605663797248991094E-0031
  4.231082681425570630679568765666730E-0032
  3.891796200596621397810446445134837E-0032
  1.992968347702215755945098584992240E-0032
  2.296337100229873089376430924915928E-0032
  3.893743309437085922886661424876738E-0032
  1.137815441398648918008492522418619E-0031
  5.121384482075463738701601065664740E-0032
  7.282766568811988408255514820299979E-0032
  6.948361243091461577298495825847322E-0032
  2.685252716514438539486052014672819E-0032
  2.747612583612255776982665060610668E-0032
  1.464782145469438605539510764370855E-0031
  3.984076853991347453094540064773785E-0032
  1.075684444293652048044498043519555E-0031
  3.902513803583113676962395315410866E-0032
  2.536170756013738091454800637517302E-0032
  1.927497912694561257277580365103389E-0032
  7.729562623347476967835296164127244E-0032
  2.707084702677735000672747134038395E-0032
  4.796444661464567210882320804842353E-0032
  2.575584401328351680541874520221568E-0032
  8.745066315978000048866363597800698E-0032
  5.305100122207854298877537785644769E-0032
  2.502064965630662783147854982420752E-0032
  8.464228705988991693456442883229126E-0032
  2.504251675749433043948348078118744E-0032
  4.382387294425848645375026758394045E-0032
  2.259047477169205597095160923750146E-0032
  1.132676248412182052522069605321791E-0031
  6.517578632189123630818546542489921E-0032
  8.362391426577344679520917420539983E-0032
  1.931633687422734019920943603560424E-0032
  4.417220576291735596271448913734549E-0032
  9.253661853184111677841119863416844E-0032
  3.677775941677856634958661141124869E-0032
  1.606061572465992871967979923252996E-0032
  3.700410894285882718004545155191655E-0032
  1.830367851257530651455776656092269E-0032
  5.093297454825238739027117575554188E-0032
  3.305785526107753538764387023006576E-0032
  6.500602439856697787027715567156562E-0032
  6.527178712467337223316495245105341E-0032
  1.300221619844845396483220708536096E-0032
  4.448875764931219388275370646318638E-0032
  1.488089524755465539373026412343401E-0031
  7.464189026685179066788462224708267E-0032
  1.256143516998455410969075831931751E-0032
  9.502049656880332085780980617640908E-0033
  2.834461151268219695511350410546433E-0032
  3.967178317945811284307919649528573E-0032
  3.876380719740534236684783856836095E-0032
  2.868822762206227793845898747157663E-0032
