  0.0000000E+00
  0.0000000E+00
  0.0000000E+00
  2.9802322E-08
  0.0000000E+00
  1.7029899E-08
  3.5390258E-08
  3.3113693E-08
  5.9604646E-09
  6.2991269E-08
  5.0291419E-08
  3.1521687E-08
  1.0377595E-07
  3.9239726E-08
  3.7718564E-08
  4.6894829E-08
  2.1627380E-07
  1.7253976E-08
  2.4028122E-07
  2.2422699E-07
  3.9792873E-08
  1.5273690E-07
  3.0004108E-07
  2.7507542E-07
  7.7371411E-08
  3.3182678E-07
  5.6677631E-08
  4.4189651E-08
  3.7848949E-07
  1.0298625E-07
  8.1607141E-08
  2.6545516E-07
  1.2260588E-07
  2.8370746E-07
  8.1366551E-07
  4.0650971E-07
  5.9491907E-07
  3.9717327E-07
  2.6058405E-07
  4.3395090E-07
  3.8179792E-07
  3.9747982E-07
  5.2027065E-07
  6.7713358E-07
  4.4310710E-07
  2.6512970E-07
  1.5519714E-06
  1.1091481E-06
  1.1250377E-07
  1.8637408E-07
  1.6874849E-07
  6.2816827E-07
  1.7639940E-07
  1.1723489E-06
  2.3266433E-07
  1.1272271E-06
  3.4892483E-07
  3.3278207E-07
  5.1396586E-07
  1.0220120E-07
  5.2634749E-07
  2.1606684E-07
  7.2832336E-07
  6.1898567E-07
  2.0153256E-07
  2.4204655E-07
  4.8256203E-07
  4.1211698E-07
  7.1971277E-07
  1.6585936E-06
  8.4150167E-07
  1.0314589E-06
  2.6633307E-07
  1.9831459E-06
  3.6702687E-07
  1.3928232E-06
  7.8855561E-07
  8.5019138E-07
  1.4075428E-06
  9.0941927E-07
  1.6037943E-06
  2.8956276E-07
  2.2356287E-06
  7.1103739E-07
  1.0075503E-06
  2.3992475E-06
  1.5202571E-06
  7.9863526E-07
  1.3689718E-06
  3.2876710E-07
  1.0373212E-06
  1.5203591E-06
  2.4033175E-06
  3.4150128E-06
  3.3213194E-06
  2.5221464E-06
  4.8025834E-07
  1.8458437E-06
  2.2250135E-06
  1.7950920E-06
  1.0259705E-06
  1.3613585E-07
  2.1012697E-06
  3.7774444E-07
  1.6824166E-06
  1.7426700E-06
  4.7141307E-07
  1.7272104E-06
  3.0280514E-06
  1.8123034E-06
  2.5593076E-07
  1.4744485E-06
  6.6734981E-07
  8.4176173E-07
  3.1867290E-07
  7.5556528E-07
  9.3905732E-07
  2.2750801E-06
  1.1327367E-06
  3.0300311E-07
  7.4678331E-07
  8.8652064E-07
  3.7692878E-06
  2.2438168E-07
  2.1219446E-06
  2.8339632E-06
  2.0432562E-06
  1.3462520E-06
  1.9145880E-06
  6.4488398E-07
  3.4137877E-06
  4.9025975E-06
  1.4202009E-06
  5.9233838E-07
  1.6064458E-06
  3.1156208E-06
  7.2496039E-07
  2.5158608E-06
  2.3578093E-06
  2.8618849E-06
  2.6530101E-06
  7.8101169E-07
  2.7999631E-06
  4.2533343E-06
  1.5353427E-06
  8.2425214E-07
  6.6175187E-07
  3.4514658E-06
  8.3543358E-07
  1.0400498E-06
  1.7331208E-06
  9.8080136E-07
  3.0579099E-06
  1.9482397E-06
  2.4180777E-06
  2.6907778E-06
  1.9497504E-06
  3.9565657E-06
  5.5429350E-06
  3.5190169E-06
  9.5194679E-07
  4.6858695E-06
  5.7481344E-07
  1.8893797E-06
  2.4908391E-07
  1.9065567E-06
  1.2320206E-06
  1.6552219E-06
  6.5529224E-07
  3.5598443E-06
  4.1812322E-07
  5.5943174E-06
  2.4827776E-07
  1.0698475E-06
  4.7731419E-06
  9.1855242E-07
  1.7028867E-06
  4.1682565E-06
  8.2875806E-07
  2.7670392E-06
  1.2247788E-06
  3.5804010E-06
  4.0597920E-06
  4.6870546E-06
  3.4178111E-06
  2.5042766E-06
  5.2760413E-07
  3.1656739E-06
  7.9458141E-06
  4.2641896E-06
  2.4482288E-06
  5.9417198E-06
  7.3012834E-06
  2.6166701E-06
  1.0929308E-06
  2.1756616E-06
  4.3209157E-06
  5.9670119E-06
  6.7511969E-06
  7.1511513E-06
  5.1661914E-06
  7.3006172E-06
  1.7309658E-06
  3.3354886E-06
  9.3774552E-06
  6.5103295E-06
  9.3447807E-06
  3.8098535E-06
  2.3256277E-06
  1.4163475E-06
  4.1037106E-06
  1.7732797E-06
  2.1794210E-06
  3.4605109E-06
  1.2284921E-06
  3.8527464E-06
  1.1028408E-05
  7.5770895E-06
  7.5642170E-06
  1.1112554E-06
  6.3914950E-07
  1.6198143E-06
  3.1909210E-06
  7.4601794E-06
  1.9462561E-06
  9.8895384E-07
  3.8132757E-06
  2.6637126E-06
  5.1251327E-06
  1.4569695E-06
  3.4747966E-06
  4.9114515E-06
  5.2428923E-06
  2.3139285E-06
  4.5693823E-06
  2.6961416E-06
  2.4711940E-06
  7.2757143E-07
  4.1565218E-06
  5.3014573E-06
  3.2729927E-06
  7.7144323E-06
  2.2517129E-06
  4.9276259E-06
  1.7710026E-06
  3.5318374E-06
  1.8804042E-06
  2.3148957E-06
  6.4628275E-06
  1.0431373E-05
  4.6333189E-06
  9.1788525E-06
  7.6978886E-06
  1.6036188E-06
  2.9370676E-06
  4.4432732E-06
  9.0745762E-06
  5.1080006E-06
  6.3455814E-06
  7.8646490E-06
  4.6672308E-06
  1.7413537E-06
  7.6808010E-06
  4.4939707E-06
  5.5218115E-06
  2.5487263E-06
  2.7775375E-06
  7.8084122E-06
  5.4077286E-06
  5.0950503E-06
  9.3369754E-06
  7.3885676E-06
  3.9562005E-06
  1.4702620E-06
  6.5511963E-06
  1.2779208E-05
  8.1876533E-06
  8.2860361E-06
  1.4400750E-06
  4.0985619E-06
  1.3183351E-05
  6.1686833E-06
  1.8564046E-05
  1.0685845E-05
  9.1114307E-06
  1.9295103E-05
  7.0932615E-06
  1.0397803E-05
  1.3245786E-05
  9.0126184E-07
  6.3281423E-06
  1.1366037E-06
  4.9380028E-06
  8.0176042E-06
  9.3239687E-06
  8.5925994E-06
  1.3431637E-05
  6.5811537E-06
  8.9318416E-07
  1.2139914E-05
  1.7093460E-05
  3.1039760E-06
  4.1661610E-06
  9.6149679E-06
  5.9364447E-06
  1.0573177E-05
  5.0044891E-06
  1.1826221E-05
  3.7137472E-06
  9.1100364E-06
  9.0095327E-06
  2.9162045E-06
  1.1793661E-05
  4.9654209E-06
  1.1235083E-05
  8.1195512E-06
  7.1761719E-06
  1.1523111E-05
  9.1623951E-06
  3.8408839E-06
  1.3073227E-05
  1.8860983E-06
  5.8761439E-06
  8.7284297E-06
  2.1795477E-06
  2.7027252E-06
  8.8132456E-06
  4.6892601E-06
  3.8243315E-06
  9.5757684E-07
  6.2865647E-06
  2.3209775E-06
  1.4168094E-06
  9.5996566E-06
  9.8760565E-06
  8.8294137E-06
  1.3172702E-05
  1.0469831E-05
  3.6816086E-06
  7.6653814E-06
  1.6518462E-06
  1.3385644E-06
  1.3433238E-06
  1.1918428E-05
  5.3414537E-06
  6.7310489E-06
  5.6918207E-06
  9.2122212E-07
  7.2266935E-06
  2.8194404E-06
  5.8138739E-06
  8.4879639E-06
  1.4902918E-06
  1.2342930E-06
  6.8628219E-06
  1.5800373E-05
  1.1272548E-06
  3.5074406E-06
  4.8766688E-06
  4.3047821E-06
  2.4598082E-06
  1.2427409E-05
  6.3539260E-06
  1.2728855E-05
  1.0131733E-05
  6.7879059E-06
  6.9728135E-06
  1.1296434E-05
  1.6866376E-05
  6.6971043E-06
  4.1038866E-06
  1.4682722E-05
  2.3996712E-05
  1.3134207E-05
  1.9450135E-05
  3.6343622E-06
  4.3571767E-06
  2.5441954E-05
  1.2128301E-05
  1.6551507E-05
  6.6881225E-06
  2.5271377E-06
  1.4328787E-05
  2.5635733E-05
  1.7785873E-05
  3.1720519E-05
  6.4305536E-06
  6.4912711E-06
  2.2619395E-06
  7.3643801E-06
  2.2641150E-05
  6.7107385E-06
  8.1122698E-06
  1.1270360E-05
  3.6179179E-06
  1.3478445E-05
  1.1943072E-05
  1.8610564E-05
  1.0344463E-05
  8.4338526E-06
  1.2658829E-05
  3.3286999E-06
  5.6489453E-06
  2.4999053E-05
  9.5110900E-06
  6.1209698E-06
  1.2690930E-05
  4.0506334E-06
  1.3376229E-05
  1.3698435E-05
  8.5346355E-06
  6.2185027E-06
  2.3932605E-05
  2.1277530E-05
  1.4768035E-05
  8.7539920E-06
  1.3643776E-05
  3.1272550E-06
  5.1722593E-05
  1.6687118E-05
  1.7008717E-05
  2.1879616E-05
  4.5900797E-06
  1.0201019E-05
  1.9855226E-05
  3.4359637E-06
  2.2004306E-05
  1.8900930E-05
  9.4796869E-06
  2.5757724E-06
  1.1024132E-05
  9.7068760E-06
  1.2311031E-05
  9.1875381E-06
  3.7736096E-05
  9.4703955E-06
  4.6522046E-06
  6.6036519E-06
  1.4757394E-05
  8.7317967E-06
  6.3157386E-06
  1.0445037E-05
  9.4278203E-06
  2.4540361E-06
  4.6314658E-06
  2.0425696E-05
  2.1601139E-05
  1.1998442E-05
  3.9987175E-05
  1.2573505E-05
  3.0108351E-06
  2.4475075E-06
  1.0778444E-05
  1.9541407E-05
  1.3493894E-06
  3.3216852E-06
  3.4630543E-06
  1.3744913E-05
  9.0724143E-06
  1.9071444E-05
  6.1432197E-06
  2.3915087E-05
  1.0802762E-05
  2.6174416E-06
  4.4190569E-06
  6.7694218E-06
  3.9315587E-06
  1.0932784E-05
  8.8404568E-06
  1.8807317E-05
  6.7537817E-06
  6.5092718E-06
  1.8373570E-05
  4.6829955E-06
  3.4822108E-06
  1.2544559E-05
  2.7606922E-05
  2.1229838E-05
  6.9317007E-06
  5.2043351E-06
  1.2239202E-06
  4.0375003E-06
  3.2982989E-05
  5.2589098E-06
  2.8058023E-06
  9.3597619E-06
  3.4432890E-06
  1.9715178E-05
  1.1885280E-05
  5.4992047E-06
  1.1781962E-05
  1.7318833E-05
  8.7079134E-06
  1.7229460E-05
  2.2759805E-05
  1.7517194E-05
  8.0788868E-06
  1.3793046E-05
  5.6562799E-06
  3.2361579E-05
  6.5664271E-06
  1.6138163E-05
  1.1425258E-05
  5.7555912E-06
  8.6289074E-06
  6.6352959E-06
  1.5970445E-05
  1.3825169E-05
  1.0235124E-05
  2.3763898E-06
  6.7839542E-06
  3.2831893E-05
  7.3138954E-06
  3.4318993E-05
  3.7244388E-06
  2.9120920E-05
  1.7727221E-05
  4.7280937E-05
  5.1795296E-06
  4.9307717E-05
  6.2281333E-06
  3.6004480E-05
  2.6437488E-05
  3.8418973E-05
  5.8268611E-06
  1.6487833E-05
  4.9616315E-06
  1.1736510E-05
  3.9703540E-05
  3.7730682E-05
  1.7982600E-05
  3.7061996E-05
  1.2412795E-05
  1.2480245E-05
  1.5713202E-05
  8.6453538E-06
  5.7841562E-06
  2.1680529E-05
  2.0560647E-05
  1.1854155E-05
  8.4417261E-06
  3.2465206E-05
  2.8755592E-06
  1.7998866E-05
  3.1201729E-05
  1.9517480E-05
  1.6012378E-05
  1.6572394E-05
  9.4223651E-06
  9.2502796E-06
  6.0262778E-06
  1.5856240E-05
  1.1182778E-05
  3.0393197E-05
  5.7278885E-06
  1.9365691E-05
  1.5746788E-05
  1.8757690E-05
  4.0509847E-05
  8.1371209E-06
  8.2235456E-06
  6.4273972E-06
  1.7235301E-05
  4.6518530E-06
  7.7085988E-06
  1.2000397E-05
  1.0383630E-05
  5.9369499E-06
  3.0822307E-06
  3.7286281E-05
  2.1016154E-05
  4.7428282E-05
  1.0973931E-05
  3.4302713E-05
  7.5201369E-06
  2.2352880E-05
  1.9872257E-05
  6.9375924E-06
  1.6677666E-05
  1.5503947E-05
  1.9968375E-05
  7.3173373E-06
  5.2347514E-05
  2.4953936E-06
  8.3015038E-06
  2.0322061E-06
  3.1066782E-05
  8.3418827E-06
  9.3890894E-06
  1.1075200E-05
  1.8989944E-05
  6.5349900E-06
  8.6032032E-06
  2.7858785E-05
  1.4044259E-05
  1.1318059E-05
  5.4693828E-05
  5.0115505E-06
  2.7668053E-05
  6.9661210E-06
  1.4320117E-05
  9.5339910E-06
  1.1739834E-05
  2.6002601E-05
  2.3846322E-05
  1.3056817E-05
  1.5993548E-05
  2.1812226E-05
  2.9859650E-06
  3.5114736E-05
  5.7140096E-05
  2.1029124E-05
  2.3070465E-05
  2.2432341E-05
  1.1225409E-05
  5.7687475E-06
  2.2509184E-06
  9.8996834E-06
  9.0827398E-06
  1.2406762E-05
  2.7882908E-05
  2.0199384E-05
  1.5335638E-05
  6.1636479E-06
  6.5095223E-06
  5.0604562E-05
  2.8964907E-05
  2.5168023E-05
  7.8756166E-06
  3.2370026E-05
  1.5636544E-05
  1.9193341E-05
  8.7486969E-06
  2.4130988E-05
  8.9163832E-06
  4.1157833E-05
  1.5800597E-06
  1.5667378E-05
  4.9024670E-06
  9.0773174E-06
  6.5038098E-06
  9.0161002E-06
  3.6680969E-05
  1.7202751E-06
  2.0407268E-05
  1.1183329E-05
  2.3761846E-05
  5.2179939E-06
  3.5949852E-05
  7.4672130E-06
  2.6460941E-05
  1.9391797E-05
  4.6186193E-05
  3.6545905E-05
  4.6213467E-05
  1.9404853E-05
  2.8228562E-05
  5.7697043E-06
  3.6765221E-06
  5.7889942E-05
  5.4522094E-05
  2.6241119E-05
  6.6461039E-06
  5.1803181E-06
  9.1207130E-06
  8.2281640E-06
  3.3540033E-05
  5.7785179E-05
  3.7243499E-05
  3.2320284E-05
  3.2732707E-06
  1.2754205E-05
  1.5645088E-05
  1.3576953E-05
  9.8736682E-06
  1.0044629E-05
  4.3569480E-06
  2.3670375E-05
  1.9556757E-05
  4.7897538E-05
  4.0990559E-05
  4.3120472E-06
  1.7265575E-05
  1.1122237E-05
  6.8981494E-06
  9.6982067E-06
  4.4273991E-05
  1.3450827E-05
  2.9583930E-06
  6.8088948E-06
  1.0090868E-05
  5.9073186E-06
  8.7316848E-06
  1.3681115E-05
  1.2283796E-05
  1.2739479E-06
  8.6065938E-06
  2.1067097E-05
  4.0984422E-05
  8.2878578E-06
  2.6057707E-05
  2.7859636E-05
  1.2630500E-05
  6.0420471E-06
  3.7596907E-05
  1.9842315E-05
  5.4172901E-06
  2.6400028E-05
  2.4542611E-05
  2.8178315E-06
  2.5787956E-05
  1.9089623E-05
  9.3759008E-06
  3.0841293E-05
  4.1658015E-05
  9.7504126E-06
  6.4024216E-06
  2.8942619E-05
  8.2606375E-06
  5.3826693E-06
  5.3865274E-06
  8.1032595E-06
  5.5642293E-05
  6.8741807E-05
  8.0792423E-05
  5.5441619E-06
  5.9020644E-05
  4.3034248E-05
  2.1344353E-05
  7.8769044E-05
  7.9589227E-06
  1.6262946E-05
  1.8798870E-05
  3.6729598E-05
  2.4950878E-05
  2.7351005E-05
  1.4332553E-05
  2.1636919E-05
  9.4279303E-06
  4.1308402E-05
  1.0830800E-05
  8.2646338E-06
  3.5408157E-05
  2.7709037E-05
  3.7211190E-05
  1.8570512E-05
  6.2132276E-05
  3.6366007E-05
  3.5164703E-05
  1.7591305E-05
  2.6753760E-05
  1.5285665E-05
  2.8268529E-05
  7.8941121E-06
  1.7666987E-05
  7.7270270E-05
  4.4519115E-06
  6.8727190E-05
  4.0253584E-05
  1.9355855E-05
  1.7353583E-05
  3.0393589E-05
  1.1208760E-05
  5.1050288E-06
  9.2998462E-06
  2.2775244E-05
  1.4480353E-05
  1.8757466E-05
  1.5794267E-05
  4.5930447E-05
  2.4515317E-05
  1.1204145E-05
  1.3841187E-05
  3.8511051E-05
  8.0806734E-05
  3.8496368E-05
  1.6111479E-05
  4.2526612E-05
  1.1035218E-05
  8.7767021E-06
  5.7153243E-06
  1.7383250E-05
  1.5706450E-05
  6.7536450E-05
  4.9671016E-06
  3.3568132E-05
  6.1723308E-06
  2.9485900E-05
  4.0651132E-05
  5.8870985E-05
  8.5786187E-06
  4.3012191E-05
  3.3488530E-05
  5.2861484E-05
  1.0589391E-05
  2.9526025E-05
  1.7682682E-05
  4.4304648E-05
  3.0182446E-05
  2.5024687E-05
  1.8119064E-05
  1.0042874E-05
  1.1690388E-05
  2.2845332E-05
  3.9368795E-05
  1.4391209E-05
  5.3335852E-06
  7.1020244E-05
  7.2404418E-06
  2.1794016E-05
  2.8136415E-05
  4.7033205E-05
  8.6419159E-06
  5.8441823E-05
  3.0734598E-05
  1.9031924E-05
  2.8901037E-05
  5.2997561E-06
  2.2098386E-05
  4.3585645E-05
  2.2176684E-05
  1.5611013E-05
  1.8537730E-05
  1.9241090E-05
  2.2426802E-05
  5.7822082E-05
  5.2334244E-06
  4.2075459E-05
  3.3206721E-05
  2.6497111E-05
  3.9157869E-05
  7.1981529E-05
  1.0225081E-05
  2.4390005E-05
  2.4573650E-05
  6.7173234E-05
  9.4122537E-05
  5.9163704E-05
  2.5674286E-05
  3.0873834E-05
  1.2018089E-05
  6.6046261E-05
  1.1374637E-05
  4.3517364E-05
  8.9965297E-06
  1.6310772E-05
  2.2124126E-05
  1.0135025E-05
  9.2142182E-06
  3.8080478E-05
  1.5152687E-05
  6.6985682E-05
  1.1270705E-05
  5.0640647E-05
  1.5772101E-05
  3.4926892E-05
  3.9068538E-05
  6.1073370E-05
  6.1892126E-05
  3.3480603E-05
  4.4981272E-05
  2.5056790E-05
  4.1985259E-05
  1.4975994E-05
  9.4359320E-06
  2.6253996E-05
  2.7268705E-05
  2.9946468E-05
  1.2631390E-05
  5.4060583E-05
  4.6181511E-05
  5.8551300E-06
  2.0587942E-05
  6.3660282E-06
  1.7288290E-05
  8.3843015E-06
  1.0073597E-05
  7.9425190E-06
  4.7764406E-05
  3.3055891E-05
  1.3150792E-05
  1.0171009E-05
  3.7755304E-05
  1.8592678E-05
  1.2294111E-05
  2.0471318E-05
  3.3941738E-05
  2.5355634E-05
  1.8418919E-05
  1.9962052E-05
  2.2892786E-05
  6.8252593E-05
  4.3192274E-05
  3.5811387E-05
  2.1343385E-05
  8.1456228E-06
  1.0479561E-05
  7.0027825E-05
  1.2415531E-05
  3.2863656E-05
  2.8830142E-05
  1.6316284E-05
  1.6341464E-05
  3.6377052E-05
  6.9361104E-06
  3.3150860E-05
  1.1438735E-05
  2.1243290E-05
  3.9644226E-05
  1.9133871E-05
  2.6176564E-05
  3.0335292E-05
  5.5896442E-05
  3.8259004E-05
  6.8827372E-05
  7.2564697E-05
  2.0813384E-05
  3.5802062E-05
  4.8634483E-05
  1.7179669E-05
  6.2760446E-05
  7.7158193E-06
  4.5412635E-05
  5.0383918E-05
  2.0350513E-05
  6.7508108E-06
  1.3050691E-05
  2.5612460E-05
  1.0162707E-05
  1.9002537E-05
  5.9467926E-05
  6.2374093E-06
  3.0655334E-05
  3.2122462E-05
  1.7207478E-05
  1.3215815E-05
  2.7809425E-05
  1.4546362E-05
  5.7248595E-05
  2.2820168E-05
  7.6709757E-06
  4.8122779E-06
  3.4641162E-05
  1.2431897E-05
  9.7400489E-06
  1.1349516E-05
  8.6965701E-06
  7.1797534E-05
  5.5835358E-06
  9.0432577E-06
  4.1924137E-05
  1.0026101E-05
  2.5686830E-05
  1.3348903E-05
  2.9198754E-05
  1.6975608E-05
  4.1004689E-05
  6.1342798E-06
  2.6515476E-05
  3.8143166E-06
  3.9724433E-05
  1.2895242E-05
  1.1502737E-05
  4.2663705E-05
  2.4113886E-05
  4.3159478E-05
  4.7243648E-06
  3.0984571E-05
  1.3561427E-05
  2.6669430E-05
  3.2966720E-05
  1.1855528E-05
  2.9369166E-05
  9.7430384E-06
  4.3856009E-05
  1.8520297E-05
  3.6770209E-05
  1.2074971E-05
  2.1093936E-05
  4.6702473E-05
  6.5914086E-05
  1.2526453E-05
  3.6682366E-05
  4.2286712E-05
  6.7783390E-06
  4.9518228E-05
  1.8429131E-05
  1.3990674E-05
  2.7123466E-05
  3.4754350E-05
  7.3488707E-05
  6.1943123E-05
  5.7635010E-05
  3.5740668E-05
  2.1618118E-05
  9.6061121E-06
  6.6814879E-05
  1.2914335E-05
  8.5076917E-06
  2.5054287E-05
