  0.000000000000000E+000
  0.000000000000000E+000
  0.000000000000000E+000
  5.551115123125783E-017
  1.850371707708594E-017
  1.586032892321652E-017
  6.938893903907228E-017
  2.467162276944792E-017
  2.220446049250313E-017
  1.425627292984576E-016
  9.598803233738333E-017
  7.686159401251084E-017
  1.001183263278043E-016
  2.997602166487923E-016
  2.428612866367530E-017
  3.265361837132813E-017
  8.172475042379625E-017
  3.199195294643543E-016
  7.702172233337023E-017
  1.024312909624400E-016
  3.220277579949673E-016
  6.588932298318864E-016
  1.032449588785530E-015
  2.003952559448407E-016
  3.077132565848090E-016
  1.079383496163347E-016
  1.127570259384925E-016
  4.072412904982794E-016
  6.661338147750939E-017
  1.710101594382298E-016
  2.673642557349254E-016
  1.286534010638072E-015
  1.106753577673203E-015
  1.249000902703301E-016
  1.656660919557851E-016
  3.526645942242579E-016
  4.725751953503134E-016
  2.284497377594072E-016
  7.537373503119227E-016
  9.364968150553817E-016
  7.448572182325176E-016
  6.660531299622578E-016
  1.266348137463069E-015
  3.949001619534758E-016
  1.472252271785534E-016
  1.333448717874257E-015
  9.428944893382270E-016
  1.502058115076408E-015
  8.495981695944010E-016
  4.819129844635177E-016
  1.978251963950474E-016
  4.215050740307419E-016
  4.159481401286611E-016
  1.182009036103760E-015
  6.632219575118471E-016
  4.723925928791579E-016
  5.119826976167411E-016
  2.937269072035305E-016
  1.774043874765615E-016
  1.329082563495935E-015
  1.261815472896807E-015
  1.309523477309603E-015
  7.278249183895191E-016
  1.791542341828417E-015
  4.698735087884452E-016
  2.760022724464592E-015
  3.425313545873616E-016
  3.043559768141337E-016
  8.388379276905564E-016
  5.367625358272461E-016
  1.049555889729190E-015
  6.620940477762438E-016
  6.691109753352162E-016
  5.299464570877414E-016
  1.803085276115630E-015
  2.316238831326331E-015
  1.724493055477457E-015
  1.748842807559758E-015
  2.273333431224156E-015
  6.444390631557790E-016
  1.148661958233082E-015
  1.372542474588830E-015
  4.027139898010206E-015
  3.612286123816693E-015
  1.336725465459384E-015
  1.587291919869077E-015
  8.796625044544209E-016
  4.904589531011730E-016
  5.651729084732438E-016
  1.120250107574209E-015
  6.718452032628480E-015
  3.701899897734506E-015
  3.406240272110842E-015
  1.030078800035028E-015
  4.210083526014670E-015
  2.047635400298108E-015
  6.150302772736139E-015
  7.428997092019059E-016
  7.024242298925288E-016
  4.251790064139194E-016
  1.020697687590432E-015
  1.601116084375603E-015
  2.247017342492919E-015
  2.423920852394412E-015
  3.384232752525206E-015
  4.516020216142463E-015
  3.792298265538187E-015
  5.754809854951720E-015
  6.217769354943670E-015
  1.854513164655746E-015
  1.318467284754694E-015
  6.932446259129262E-015
  3.391064841210136E-015
  2.060338614693636E-015
  3.840094549816417E-015
  3.852969107108247E-015
  4.701350537686059E-015
  3.591723090747677E-015
  1.064426324859369E-015
  3.814470548423514E-015
  3.858750181861557E-015
  1.278787374095683E-015
  1.369382318112821E-015
  3.773065193612979E-015
  3.044508538572470E-015
  5.721036068331700E-016
  3.717322673638113E-015
  4.430988037724991E-015
  4.410207509015944E-015
  3.072579298709149E-015
  2.217495705156701E-015
  5.047908363239142E-015
  2.745361721953071E-015
  1.426077620189956E-015
  3.161941705197373E-015
  3.624065261188306E-015
  2.132980788773164E-015
  4.018973653075548E-015
  1.002939670797469E-014
  6.114512708211910E-015
  2.813379419884189E-015
  7.512905410454575E-015
  1.520244192877563E-015
  6.586619420377056E-015
  7.314621938969396E-015
  2.843341586365686E-015
  5.858624162004091E-015
  8.017740554252134E-016
  6.142846648016232E-015
  1.373797598859169E-015
  5.839781098386436E-015
  4.282867860288687E-015
  8.849286292922077E-016
  1.307802432656734E-015
  4.787152912325650E-015
  1.319942253515461E-015
  2.014332354221752E-015
  2.457083060773577E-015
  7.758556167317132E-015
  2.699305151379737E-015
  1.858177963350490E-015
  2.900601325249943E-015
  4.576755852690773E-015
  7.892487168865098E-015
  3.274990720381467E-015
  1.927383734980622E-014
  1.933896577929882E-015
  3.212779729960714E-015
  9.593326949823974E-016
  2.247400202909204E-015
  4.295558579379546E-015
  4.472884209772904E-015
  1.084825277182335E-015
  7.050357321767921E-015
  1.051069939732686E-015
  3.863993635413492E-015
  7.166995422541920E-015
  1.399354910345995E-015
  3.345621426503125E-015
  6.385445234263611E-015
  4.361323573349778E-015
  2.542792744730854E-014
  4.761415258144765E-015
  6.625570025053028E-015
  1.438888304354170E-014
  4.232280004769254E-015
  2.355685275982515E-015
  9.396634521338317E-015
  5.305889134487566E-015
  1.076410448558591E-014
  3.078461061010081E-015
  3.709378083910738E-015
  9.071486045160262E-016
  2.486668278696887E-015
  7.318470871836908E-015
  8.029431779646364E-015
  1.801808649672404E-014
  4.663708175926280E-015
  1.508849468978557E-014
  4.280771080342429E-015
  1.324895054777286E-014
  6.140374197063993E-015
  1.025128885645979E-014
  6.001948599367814E-015
  1.007282344103878E-014
  1.307929962000632E-014
  2.039555256787818E-015
  5.145447133229293E-015
  3.085065272029077E-015
  3.398187635707031E-015
  4.848973522237312E-015
  1.174704650845216E-014
  1.529770761000828E-015
  3.928442680975152E-015
  6.535767458359109E-015
  1.427604274554695E-014
  2.744619007092259E-015
  1.449988024119032E-014
  2.576044649058786E-015
  2.357053560626613E-015
  4.035525511106433E-015
  4.581400810540227E-015
  1.777011232854358E-015
  1.532517939711258E-014
  2.281648782151645E-015
  1.136591585655368E-014
  2.236252575659707E-015
  2.516602737700318E-015
  1.556858506846914E-014
  6.923363998503246E-015
  8.502040516774115E-015
  3.623472528224036E-015
  8.676260238513034E-015
  2.775443143631497E-015
  1.178149209546774E-014
  1.217999125140011E-014
  1.035878461672989E-014
  1.622070968942306E-014
  1.192828026746103E-014
  2.370578808172248E-015
  1.896773171264698E-015
  6.659228638338795E-015
  8.465116415212019E-015
  1.702077750284919E-014
  9.603457369893393E-016
  5.380954201110786E-015
  8.950575076132276E-015
  2.982292709305356E-015
  1.224761958518172E-014
  5.969211125831827E-015
  1.307066296576469E-014
  4.586811140611300E-015
  4.526194052102793E-015
  2.179744674517885E-015
  5.308453736264582E-015
  1.595179484612579E-014
  6.814600630666770E-015
  7.445163573487406E-015
  1.844112302766223E-014
  4.037799854476977E-015
  2.636632033356830E-014
  5.725741754405197E-015
  1.441353152677309E-014
  1.317168170917075E-014
  1.937470260459120E-014
  2.141804764390823E-014
  3.906098696721646E-014
  7.164362814281121E-015
  2.293929417560323E-014
  8.348806411991474E-015
  6.978975901575042E-015
  3.081945946921542E-015
  7.236278688993296E-015
  3.055949906006671E-014
  5.861886748447537E-015
  1.688730289030302E-014
  1.102311312771951E-014
  8.065344986856038E-015
  7.289498555864851E-015
  2.077954720855845E-014
  8.383235742708556E-015
  9.857422102762287E-015
  1.347826694248011E-014
  5.928708121417327E-015
  3.278946868054547E-014
  7.368543203011268E-015
  9.732574205950485E-015
  1.619844715157100E-014
  9.380644309702738E-015
  5.196601131938595E-015
  1.304752806225189E-014
  6.452003500580356E-015
  1.062598079726609E-014
  6.414260601004779E-015
  4.775170675072829E-015
  1.002545759653186E-014
  1.397258200500800E-014
  1.435407238304601E-014
  6.423234340247052E-015
  7.667418691008090E-015
  1.510763638684300E-014
  2.289416192836357E-014
  1.123779403552101E-014
  2.770717256493569E-014
  2.696963533490756E-015
  4.898278500597732E-015
  1.577530212790781E-014
  2.754913510099993E-015
  6.557141422578175E-015
  5.386561820023558E-015
  1.418082370502694E-014
  3.468554650101754E-015
  7.900191746809335E-015
  5.974408302734075E-015
  4.677961824165368E-015
  6.788213743304637E-015
  2.472646748865198E-014
  3.711810389266776E-014
  8.276245086393657E-015
  1.945441039139697E-014
  8.626478154993362E-015
  7.597702137192439E-015
  1.723788293176390E-014
  6.816970866002209E-015
  1.356485646371862E-014
  2.149153954104187E-014
  8.344823815693406E-015
  3.024650407288043E-014
  8.425841043398682E-015
  4.518138391531717E-015
  3.463898710619380E-014
  3.591033876666223E-014
  1.368369873914525E-014
  3.030280990893954E-015
  5.098300667220956E-015
  9.727371809460332E-015
  1.715209504875410E-014
  2.714475594071686E-014
  1.011129752230310E-014
  2.667827927047080E-015
  3.438026646187713E-015
  6.854002454271253E-015
  1.232825362709938E-014
  2.281563248514769E-014
  5.831295525928528E-015
  1.237725825009839E-014
  6.927071115389561E-015
  2.346995742252992E-014
  2.153581752412885E-014
  1.404530476570116E-014
  1.912151313432175E-014
  1.175052786030128E-014
  6.831354524355872E-015
  2.268703246588611E-014
  1.773997176919234E-015
  1.714573836744538E-014
  7.618325246333018E-015
  1.462829006796714E-014
  4.309147078514671E-015
  1.242040865355365E-014
  2.862715555897568E-014
  8.467443344280544E-015
  1.885136153939776E-014
  2.256887123913470E-014
  9.070816919384812E-015
  8.292680140063368E-015
  2.783538939425256E-014
  3.741042475614157E-014
  2.646672647372778E-014
  1.108118678802075E-014
  3.608086798271304E-014
  5.118167907290657E-015
  1.887188971642138E-015
  1.769418176792807E-014
  1.326304402260861E-014
  2.501296054490259E-014
  1.196022998452835E-014
  2.052872448036973E-014
  1.999578887884601E-014
  2.206556878742525E-014
  2.752519684510366E-014
  1.022521203189036E-014
  6.415356391736501E-015
  2.938067583236214E-014
  2.459563523991567E-014
  8.248301957109580E-015
  6.806164197350255E-014
  3.491131218375493E-014
  2.607993393003808E-014
  2.953877817964152E-014
  5.151963438136251E-014
  1.100879684804070E-014
  8.260653027730798E-015
  9.712367821031697E-014
  1.278340289613726E-014
  1.024829622927494E-014
  1.634598331550632E-014
  6.440477198130005E-015
  4.721989509473556E-014
  9.483790562581805E-015
  1.704489770201560E-014
  3.238074011433572E-014
  1.749136065291881E-014
  5.998089006785681E-014
  5.974734809595215E-015
  3.574339436393862E-014
  9.969471760588305E-015
  1.234888778778010E-014
  1.163167419766899E-014
  6.532337610140192E-015
  8.479031510756535E-015
  1.329630681854744E-014
  1.094904452597017E-014
  3.806428273314844E-014
  1.613779889634378E-014
  1.649687809585383E-014
  1.119228957752263E-014
  5.052728033439773E-014
  2.408957520068565E-014
  1.237101461947514E-014
  2.296234966914381E-014
  1.360710840529491E-014
  1.239045165112841E-014
  5.381462126409416E-014
  3.135404160807809E-014
  3.730132014482997E-014
  3.826162537923799E-014
  9.969417401816283E-015
  1.996082058524291E-014
  3.576174304482917E-014
  3.273266792965945E-014
  1.053872655841635E-014
  4.286858446627702E-015
  1.287283657702570E-014
  4.253523064158179E-014
  4.856785105032924E-015
  2.686954975805023E-015
  1.706900724281243E-015
  1.072208333798134E-014
  5.241345040650872E-015
  1.729987229545309E-014
  7.072780879905249E-015
  2.940356291780688E-014
  5.218071605268249E-015
  7.153097247559683E-015
  2.316291364684276E-014
  9.591972437372456E-015
  3.767688802620093E-014
  1.587488820953276E-014
  8.857211512020591E-015
  4.124573716000608E-015
  5.614607725581775E-015
  1.044579789162076E-014
  1.213493019439590E-014
  1.279046998066486E-014
  4.482160107143845E-015
  2.553110050066338E-014
  1.401586178121417E-014
  9.281635129860413E-015
  3.728312097469607E-014
  6.818213284429385E-015
  6.501050447911276E-015
  1.230700598154496E-014
  3.138049016426422E-014
  1.949288854138407E-014
  4.370497242722165E-014
  1.072760503559098E-014
  2.069093922641585E-014
  1.166922738255034E-014
  3.710889982449153E-014
  1.297105391110302E-014
  4.992046387492741E-015
  3.292857042767303E-014
  6.466445069466954E-014
  8.168426544407445E-015
  1.332788864858771E-014
  3.931987196030429E-014
  1.490223436995838E-014
  2.802229386756940E-014
  3.513682130103994E-014
  4.007429779471318E-014
  1.604077248875803E-014
  1.774299364170117E-014
  2.567049075455896E-014
  4.530937096707348E-015
  3.563231463966012E-014
  1.401874386583093E-014
  1.697587799995117E-014
  1.428622845023320E-014
  1.724147757270286E-014
  3.387166584644135E-014
  2.922942553423159E-014
  2.770620535038675E-014
  7.030127216899094E-015
  1.565242129037441E-014
  2.630917836455285E-014
  1.735662072845486E-014
  4.338854725015737E-014
  4.051560736212379E-014
  2.413615818352910E-015
  1.897789728874522E-014
  2.148451662461711E-014
  2.722435183070552E-014
  3.036561307681568E-015
  3.292506700142249E-014
  4.085997784914566E-014
  6.663361678781996E-014
  1.620879776992509E-014
  3.653015560252409E-015
  7.968828256811330E-015
  7.107606773374287E-015
  1.337018759865654E-014
  2.085973339720890E-014
  3.348807923588438E-014
  5.688166682395954E-015
  5.442904700046159E-014
  3.029808496674324E-014
  1.769224878126823E-014
  6.996228182791604E-015
  3.737455694085505E-014
  1.680431491395368E-014
  5.696616920413213E-014
  3.465746346477405E-014
  2.800263410701873E-014
  5.901533057919481E-014
  4.728717368259267E-014
  1.109268310689408E-014
  2.365661259879528E-014
  2.610920152445703E-014
  4.748195136206956E-014
  4.667887186849018E-014
  6.944433953252083E-014
  3.312142292122954E-014
  2.329863165064637E-014
  3.603333945485311E-014
  2.675618430001174E-014
  9.655985561031988E-015
  3.239796276544768E-014
  6.509316097645708E-014
  1.330394545042809E-014
  4.665583316942869E-014
  7.594995514116061E-014
  2.589802120139552E-014
  1.280574381881035E-014
  3.257934477561061E-014
  8.492787521382760E-015
  4.180710365603038E-014
  4.322478341533389E-014
  6.422123565264958E-014
  5.272231170115723E-015
  1.593339230871770E-014
  4.602646514495370E-014
  4.029693864180872E-014
  4.798551641436286E-014
  3.654943881645722E-014
  3.491839133195694E-014
  5.299104180520868E-015
  1.569305489820493E-014
  1.974890946151501E-014
  2.386027144394073E-014
  5.307732840690629E-014
  6.646868343190255E-014
  5.645294267944965E-014
  2.128263879965531E-014
  5.622470797243537E-014
  4.246396363274388E-014
  2.360419832865615E-014
  5.357717769121541E-014
  2.269736847301660E-014
  1.465219297565190E-014
  5.147458390111052E-014
  9.036072788672299E-015
  5.771095512890223E-014
  2.418541891516367E-014
  1.672928017903280E-014
  3.541734299746688E-014
  4.298096069630571E-014
  1.324024097757483E-014
  3.889064746727352E-014
  1.051481473426963E-014
  5.462392363078251E-015
  1.776403926877107E-014
  2.447220077720487E-014
  4.245695675373020E-015
  3.140296123607505E-014
  8.245560915863393E-014
  1.025282916543576E-013
  2.858048375167425E-014
  1.032697626065589E-013
  1.759544587783529E-014
  7.172152309342613E-014
  2.956320793962029E-014
  5.385516638659002E-014
  3.088750040925090E-014
  3.032528939056832E-014
  3.340408187762217E-014
  2.287792844545237E-014
  2.433428063428404E-014
  6.560554400084073E-014
  4.739011832474591E-014
  2.047479818753151E-014
  5.933825400474499E-014
  2.495677053364241E-014
  1.476929732668519E-014
  1.820076093300356E-014
  1.118877998014470E-013
  7.186241041368095E-014
  3.063898512295685E-014
  7.098433542636227E-014
  9.160833348490379E-015
  1.403084314038361E-014
  4.310215209261805E-014
  1.731234110782988E-014
  9.650101686577116E-015
  1.472691910868895E-014
  3.817825043252930E-014
  3.877028232572725E-014
  2.941736609008554E-014
  8.693228148985845E-015
  5.597650616758412E-015
  3.931908926316114E-014
  1.078010594949027E-014
  4.477528054410444E-015
  1.118833428681576E-014
  3.758858164434133E-014
  1.541182528874519E-014
  4.052383477161084E-014
  2.380695439573291E-014
  2.745316340604711E-014
  2.695337734919531E-014
  5.814999570229764E-014
  9.104055234038768E-015
  2.929893775018164E-014
  6.152993585167199E-014
  1.374453390571072E-014
  5.647795286074522E-014
  1.112408609665996E-013
  1.012805915414851E-014
  4.215848895298361E-014
  7.879582755041166E-014
  2.346959810641910E-014
  1.101651217707441E-014
  2.993140135814146E-014
  4.938877586671703E-014
  1.466631428554457E-014
  3.219434690073001E-014
  3.973927527869290E-014
  6.948897631872217E-015
  4.818719508617666E-014
  1.252542596491265E-014
  3.666980073800223E-014
  7.694652452799018E-014
  1.128823265536020E-013
  8.114863610380102E-014
  2.652746444606420E-014
  3.774965189765694E-014
  2.740662168619475E-014
  2.911067071884107E-014
  1.990531155045987E-014
  2.251409419880596E-014
  4.223505665030318E-014
  5.380813976941266E-014
  5.400304886901485E-015
  2.835067283013860E-014
  1.657366237025195E-014
  2.203917964179904E-014
  1.537264291452886E-014
  6.339682103586817E-014
  3.737322692200001E-014
  3.255445899140004E-014
  9.916302030502485E-014
  9.779623454127769E-015
  1.744804046751562E-014
  1.175588433184245E-014
  2.449824351639575E-014
  3.969980815909886E-014
  1.148451612636852E-013
  1.076394783141779E-013
  2.465154943942178E-014
  2.419920621725652E-014
  3.720515744420438E-015
  1.414670677454167E-014
  3.946880609407561E-014
  8.557631267492734E-014
  1.334803082164165E-014
  2.890228433170340E-014
  7.790618862132980E-015
  4.600045896275234E-014
  3.211995855230148E-014
  4.697527648112573E-014
  1.332528621454657E-014
  1.356452910202264E-014
  6.973202934867693E-014
  1.182887689428011E-014
  5.020204156046770E-014
  4.967711129570811E-014
  2.075891703540183E-014
  1.389488252739013E-014
  3.063652134562199E-014
  4.708637665510308E-014
  2.026637868237751E-014
  3.424806755068486E-014
  6.943287510006434E-014
  4.082718359851718E-014
  4.403014435973826E-014
  1.551540510726147E-014
  1.594457300713076E-014
  2.516502239802922E-014
  3.673365101436376E-014
  3.929529409512821E-014
  4.758424459704426E-014
  4.570444039545184E-014
  3.761435656021725E-015
  1.197669798175144E-014
  4.522636853834154E-014
  5.322995205692529E-014
  7.012285028793035E-015
  7.451017870711552E-014
  2.125311464723038E-014
  1.795510135432199E-014
  1.597944764591502E-014
  1.215638967140156E-014
  1.320502718163925E-014
  3.323543218653488E-014
  1.427680294014009E-013
  1.688298893406810E-014
  1.680998482296017E-013
  5.951517975479838E-014
  6.251492616950012E-014
  1.140446428299274E-014
  8.185746842142581E-015
  6.580357771062440E-014
  1.135050982585974E-013
  2.277735675571746E-014
  2.853139651432150E-014
  8.445548582855380E-014
  3.311449812746716E-014
  4.641210406900755E-014
  4.811009212306429E-014
  3.335177921015399E-014
  1.180340056564665E-013
  1.994623255118073E-013
  4.933900277211477E-014
  3.979131615695191E-014
  4.174783424455853E-014
  3.107430598349368E-014
  2.689426830608232E-014
  2.492918185521962E-014
  4.205512067062544E-014
  4.722312118666301E-014
  5.362345317247943E-014
  1.089348688699105E-013
  4.779411478744678E-014
  6.077449612133607E-014
  1.106505679722506E-013
  9.947422594006634E-015
  1.747673083740071E-014
  1.132058656394424E-013
  4.060942491681731E-014
  4.367269442583966E-014
  4.888242480349876E-014
  6.782719994866690E-014
  9.584109900730913E-014
  6.973574484300895E-015
  7.343311420254128E-014
  6.708871521708477E-014
  4.361371261925245E-014
  2.235093691094882E-014
  5.209927203533175E-014
  2.635721552788627E-014
  2.736956537469427E-014
  7.813523583444643E-014
  2.384967537486226E-014
  6.105085495164688E-014
  1.126625374397268E-013
  2.334194764357384E-014
  9.866870641499176E-014
  7.045725479656727E-014
  1.437191617273119E-013
  3.768002246556785E-014
  1.093107989368513E-013
  4.512795528080060E-014
  1.725108400491075E-014
  4.267349063683598E-014
  3.094245465237542E-014
  6.050726092030138E-014
  3.373231466475189E-014
  1.702408806865373E-013
  5.454082898878364E-014
  6.584655968479729E-014
  8.515153046101300E-014
  2.006993138131174E-014
  1.400918901463794E-014
  3.119106262798764E-014
  7.398024457529763E-014
  2.102459686334090E-014
  5.472414898226082E-014
  1.640775688683789E-014
  4.313535341632715E-014
  4.820613836107534E-014
  1.560916404616149E-014
  1.151986765047578E-013
  3.061880036240841E-014
  2.738814798443406E-014
  2.151976072439721E-014
  8.115277739571451E-014
  6.546826431841017E-014
  4.775743851936772E-014
  5.132663091698432E-014
  1.814431506380945E-014
  3.033938294346216E-014
  6.744563560227219E-014
  3.924955501206225E-014
  3.092785326154862E-014
  2.525172841924482E-014
  7.929966692818904E-014
  5.556477072803851E-014
  1.017594139209188E-014
  4.816776053644416E-014
  2.540365242312429E-014
  2.588121270335125E-014
  2.112543666983489E-014
  1.388454307155429E-013
  3.980053660383605E-014
  1.367218422314570E-014
  4.395072193924133E-014
  3.457566112654460E-014
  3.305203505883458E-014
  9.748956003669320E-015
  1.877996263167105E-013
  3.055394651102935E-014
  1.108927448583749E-014
  1.070113110854347E-013
  2.053441857046824E-014
  3.856877130975688E-014
  9.864093930149875E-014
  8.379104520618446E-014
  2.500896327988426E-014
  5.696070630296725E-014
  3.182462066121170E-014
  3.169036677555704E-014
  3.251021138649895E-014
  2.695084762053713E-014
  1.006309213514074E-014
  3.571944759689662E-014
  1.054943631528653E-013
  3.983099391456138E-014
  2.406448172725028E-014
  1.366178463250091E-014
  3.374749345280671E-014
  1.129150998156578E-013
  9.308975054669783E-014
  1.637901164879201E-013
  4.075538005476821E-014
  5.380741212549724E-014
  3.692280000843565E-014
  8.349401656413992E-014
  1.623814112292398E-014
  3.405616112316779E-014
  4.226960977610107E-014
  3.527330845679428E-014
  2.025617356111000E-014
  1.253837327816579E-013
  8.266644935218779E-014
  1.342588801052167E-013
  2.591282933814798E-014
  1.221199818076206E-013
  6.869413687272138E-014
  1.853071221572956E-014
  5.092914206670829E-014
  4.993681229866122E-014
  2.000556411021334E-014
  5.178822872782918E-014
  1.168946100630183E-013
  1.531215262714882E-014
  7.665538809784048E-014
  1.821572910622186E-014
  5.388396802960596E-014
  2.807074407001582E-014
  1.227963373562447E-013
  1.130027046756727E-013
  4.956760329945628E-014
  4.357310511493422E-014
  2.101743283099654E-014
  9.958207280084397E-015
  8.702581248094416E-014
  4.067295076657043E-014
  1.047804956746417E-014
  7.545622503072996E-014
  6.805190286690309E-014
  2.627503701853024E-014
  9.575574248733797E-014
  1.737676338188949E-014
  3.075848007586987E-014
  5.780273352751269E-014
  3.528475317884715E-014
  2.611366419208437E-014
  1.460961199706963E-013
  8.628268985669879E-014
  4.224815466985727E-014
  6.014794880594319E-014
  3.132286995261571E-014
  3.565896713694071E-014
  8.233120796728883E-014
  2.093863100097997E-014
  1.950434690601515E-014
  8.232596151727740E-014
  7.072043830444259E-014
  1.105992432005189E-013
  1.833176697631456E-014
  8.716510272383910E-014
  1.271880038576172E-014
  4.107828749763536E-014
  6.227576230200893E-014
  2.333090251879765E-014
  2.407085577033445E-014
  2.671062793944722E-014
  5.135635094593069E-014
  1.465672986529589E-013
  1.796484740774164E-014
  4.697694837484910E-014
  6.157653433809482E-014
  8.530812019281220E-014
  3.951509844748037E-014
  5.067055664467704E-014
  6.074997121677313E-014
  1.224052289125955E-014
  3.687953439898889E-014
  2.761097918589176E-014
  3.519478468544396E-014
  1.251645820882922E-014
  1.421037315745251E-014
  1.122337549134068E-013
  1.029847557685042E-014
  7.361109404427535E-014
  4.143815959131906E-014
  3.609207986411154E-014
  1.797101564264912E-014
  3.657903135051964E-014
  4.278763478253717E-014
  1.141454266968259E-013
  4.845338484928544E-014
  2.033772646654645E-013
  3.270734194211849E-014
  3.889034728467567E-014
  3.430263816747137E-014
  3.624234813491737E-014
  7.637370097844989E-014
  8.438304240296200E-014
  1.211214279467313E-014
  4.833252291622307E-014
  1.074923122050293E-013
  6.746861788025808E-014
  4.810177579839666E-014
  5.350442819502791E-014
  7.666324544302946E-014
  2.485614648460399E-014
  3.272771208143342E-014
  5.291604014776713E-014
  6.448726462751189E-014
  7.654093028781418E-014
  2.756163154950295E-014
  2.301526916547128E-014
  3.496202926871979E-014
  7.306019237987036E-014
  1.254025472294415E-013
  1.122157635408724E-013
  1.191127374519202E-013
  7.870423085626698E-014
  8.677894674695714E-014
  3.669233957094478E-014
  1.247494077855408E-013
  1.989663576278667E-014
  1.982828876161527E-014
  5.236184429751064E-014
  1.443646280524899E-013
  4.954512169232421E-014
  1.648443685952514E-014
  4.083661488788595E-014
  4.171031878950922E-014
  3.504987297901285E-014
  1.413577321842882E-014
  2.708315166532304E-014
  2.576293111973260E-014
  3.814360472450177E-014
  8.316358088324606E-014
  3.033419004730105E-014
  5.010265966995243E-014
  5.755375943119333E-014
  5.456271108245221E-014
  8.902234414006891E-014
  7.135413812937543E-014
  1.373767409231112E-013
  4.653955499523915E-014
  1.402248438474023E-014
  5.690126719088491E-014
  7.764700388829105E-014
  7.144980246669479E-014
  1.753410350940898E-014
  1.090338925748345E-013
